Cu K 10K
30  5  5  0  00  0  1  01   -4  +03 +15  +0.0d+0  1.0d+2  0.0  -1  +00  0
  1.00D-04  0.0D-02   1.0  0.02D-00  0.001  0.00D-03  0.00D-05  0.002
  3.0  -1.0D-01 -0.70D-01 0.7  0.001  -0.003  0.002   0.9  8977.58
 -0.0d-03  0.0D-05  0.0D-05  0.0  0.0  0.0  0.0 0.0  0.0   0.0  0.0  0.0  0.0  0.0 0.0 0.0
    0  0  10.0   50.000   50.0   0.0   0.0   +0.00   +0.00  0.0  0.0  343.0  0.001  0  0  0  0
    0   3  924.157    797.145     781.903  0.0  0.0  0.0
    0   0.5   0.1   0.0   0.0   0.0   0  2  6
    0    0 0 0 0
    0    0 0 0 0
    0    0 0 0
    0    0 